Resultados da Fatoração LU

=== Caso 1 ===
Matriz A:
[[ 8 -4 -2]
 [-4  4 -2]
 [-2 -2 10]]
Vetor b: [10, 0, 4]
Solução x: [5.3 6.7 2.8]
Número de condição da matriz A: 15.937254

=== Caso 2 ===
Matriz A:
[[ 4 -1  0 -1  0  0  0  0  0]
 [-1  4 -1  0 -1  0  0  0  0]
 [ 0 -1  4  0  0 -1  0  0  0]
 [-1  0  0  4 -1  0 -1  0  0]
 [ 0 -1  0 -1  4 -1  0 -1  0]
 [ 0  0 -1  0 -1  4  0  0 -1]
 [ 0  0  0 -1  0  0  4 -1  0]
 [ 0  0  0  0 -1  0 -1  4 -1]
 [ 0  0  0  0  0 -1  0 -1  4]]
Vetor b: [0, 0, 0, 0, 0, 0, 1, 1, 1]
Solução x: [0.07142857 0.09821429 0.07142857 0.1875     0.25       0.1875
 0.42857143 0.52678571 0.42857143]
Número de condição da matriz A: 5.828427

=== Caso 3 ===
Matriz A:
[[14  4  4]
 [ 4  7 15]
 [ 4  7 14]]
Vetor b: [100, 100, 100]
Solução x: [ 3.65853659 12.19512195 -0.        ]
Número de condição da matriz A: 90.602250

