# Caso 1
# Matriz A
4 -1 0 -1 0 0
-1 4 -1 0 -1 0
0 -1 4 0 0 -1
-1 0 0 4 -1 0
0 -1 0 -1 4 -1
0 0 -1 0 -1 4
# Vetor b
100 0 0 100 0 0
# x0
0 0 0 0 0 0
# margem
1e-6

# Caso 2
# Matriz A
20 -10 -4
-10 20 -5
-4 -5 20
# Vetor b
26 0 7
# x0
0 0 0
# margem
1e-6

# Caso 3
# Matriz A
-4 1 0 1 0 0 0 0 0
1 -4 1 0 1 0 0 0 0
0 1 -4 0 0 1 0 0 0
1 0 0 -4 1 0 1 0 0
0 1 0 1 -4 1 0 1 0
0 0 1 0 1 -4 0 0 1
0 0 0 1 0 0 -4 1 0
0 0 0 0 1 0 1 -4 1
0 0 0 0 0 1 0 1 -4
# Vetor b
-50 -50 -150 -50 0 -100 -50 -50 -50
# x0
0 0 0 0 0 0 0 0 0
# margem
1e-6
