=== Etapa 1 ===
        0        1         2          3
14.000000 4.000000  4.000000 100.000000
 0.000000 5.857143 13.857143  71.428571
 0.000000 5.857143 12.857143  71.428571

=== Etapa 2 ===
        0        1         2          3
14.000000 4.000000  4.000000 100.000000
 0.000000 5.857143 13.857143  71.428571
 0.000000 0.000000 -1.000000   0.000000

=== Etapa 3 ===
        0        1         2          3
14.000000 4.000000  4.000000 100.000000
 0.000000 5.857143 13.857143  71.428571
 0.000000 0.000000 -1.000000   0.000000

