=== Etapa 1 ===
       0         1         2         3
8.000000 -4.000000 -2.000000 10.000000
0.000000  2.000000 -3.000000  5.000000
0.000000 -3.000000  9.500000  6.500000

=== Etapa 2 ===
       0         1         2         3
8.000000 -4.000000 -2.000000 10.000000
0.000000 -3.000000  9.500000  6.500000
0.000000  0.000000  3.333333  9.333333

=== Etapa 3 ===
       0         1         2         3
8.000000 -4.000000 -2.000000 10.000000
0.000000 -3.000000  9.500000  6.500000
0.000000  0.000000  3.333333  9.333333

